function J = J(A)
x = A(1);
y = A(2);
z = A(3);
t = A(4);
c = 0.047;
J = [2*x - 2*1.2, 2*y - 2*2.3, 2*z - 2*0.2, -c.^2*(2*t - 2*5.8530);
    2*x - 2*(-0.5), 2*y - 2*1.5, 2*z - 2*1.8, -c.^2*(2*t - 2*14.7328);
    2*x - 2*(-1.7), 2*y - 2*0.8, 2*z - 2*1.3, -c.^2*(2*t - 2*4.5328);
    2*x - 2*1.7, 2*y - 2*1.4, 2*z - 2*(-0.5), -c.^2*(2*t - 2*5.9390);
];
end